158570.562058351	0.993147540983607	0.00291803278688525	0.0039344262295082	0
174030.289651589	0.998622950819672	0.000918032786885246	0.000459016393442623	0
187730.298984581	0.999573770491804	3.27868852459016e-05	0.00039344262295082	0
203858.304192526	0.998590163934426	0.000622950819672131	0.000786885245901639	0
219540.774826196	0.999967213114754	3.27868852459016e-05	0	0
234363.158779883	1	0	0	0
251401.906418106	0.999934426229508	0	6.55737704918033e-05	0
266939.517827568	1	0	0	0
283206.879721388	1	0	0	0
298258.959561001	1	0	0	0
314182.599786791	1	0	0	0
329861.606762008	1	0	0	0
337002.857329063	1	0	0	0
344716.72465637	1	0	0	0
353037.446044992	1	0	0	0
360691.58265455	1	0	0	0
363934.948035283	1	0	0	0
368326.936950545	1	0	0	0
371917.102755614	0.999322314049587	0.000545454545454545	0.000132231404958678	0
375220.038814794	0.994876033057851	0.00390082644628099	0.00122314049586777	0
375626.063242049	0.997752066115702	0.0020495867768595	0.000198347107438017	0
377487.130065059	0.988380165289256	0.00752066115702479	0.0039504132231405	0.000148760330578512
380158.599802352	0.969570247933884	0.0169421487603306	0.0128595041322314	0.000628099173553719
382129.516778134	0.949140495867769	0.0282809917355372	0.0202644628099173	0.00231404958677686
383885.804278717	0.930611570247934	0.0346280991735537	0.0292892561983471	0.00547107438016529
385126.248402131	0.88398347107438	0.0591570247933884	0.0486115702479339	0.00824793388429752
386812.550744089	0.786033057851239	0.104446280991736	0.0866446280991735	0.0228760330578512
387919.798940157	0.773801652892562	0.109900826446281	0.0917520661157025	0.0245454545454545
390584.057197401	0.597752066115702	0.177454545454545	0.153123966942149	0.0716694214876033
393026.311557143	0.424925619834711	0.227338842975207	0.196578512396694	0.151157024793388
396723.422757135	0.00464396284829721	0.243034055727554	0.178018575851393	0.574303405572756
398265.314982579	0	1	0	0
401975.598181007	0	1	0	0
404726.359806023	0	1	0	0
406967.110836208	0	1	0	0
411727.965146339	0	1	0	0
414497.670832384	0	0.999692307692307	0	0.000307692307692308
416722.623333035	0	0.996582914572864	0	0.00341708542713568
420015.376526271	0	0	0	1
422312.49284872	0	0	0	1
426797.006371578	0	0	0	1
431910.191241792	0	0	0	1
435576.837925584	0	0	0	1
438320.265351531	0	0	0	1
445852.340364665	0	0	0	1
453851.314578377	0	0	0	1
462029.153332801	0	0	0	1
474366.423173651	0	0	0	1
485273.298449772	0	0	0	1
501277.598601878	0	0	0	1
516581.275867233	0	0	0.00147540983606557	0.998524590163935
532012.174625081	0	0.000885245901639345	0.0124262295081967	0.986688524590164
547198.728515496	0.00118032786885246	0.0178360655737705	0.0947540983606558	0.886229508196721
563206.806349431	0.0458032786885246	0.109737704918033	0.274918032786885	0.569540983606557
578987.861113862	0.25327868852459	0.173606557377049	0.353475409836066	0.219639344262295
594071.549991238	0.643934426229508	0.103967213114754	0.208032786885246	0.0440655737704918
610236.639531694	0.854688524590164	0.0398688524590164	0.101180327868852	0.00426229508196721
626226.909796804	0.945409836065573	0.0142295081967213	0.0396393442622951	0.000721311475409836
656230.498817959	0.943967213114754	0.00727868852459016	0.0484918032786885	0.000262295081967213
