154722.615130831	0.770711111111111	0.103777777777778	0.122088888888889	0.00342222222222222
162782.637684503	0.837099999999999	0.0675666666666667	0.0929	0.00243333333333333
171425.178985586	0.782133333333333	0.0840666666666666	0.116166666666667	0.0176333333333333
173489.065579723	0.550433333333333	0.2084	0.183633333333333	0.0575333333333334
177932.917358818	0.540533333333333	0.188666666666667	0.2032	0.0676
181289.176612471	0.460977777777778	0.196688888888889	0.238288888888889	0.104044444444444
186746.50133605	0.416488888888889	0.221577777777778	0.254822222222222	0.107111111111111
188491.187940993	0.340066666666667	0.2456	0.269244444444445	0.145088888888889
190933.847585837	0.320933333333333	0.235	0.288777777777778	0.155288888888889
194479.422905408	0.314822222222222	0.236155555555556	0.277755555555556	0.171266666666667
197953.982261943	0.327777777777778	0.250111111111111	0.282466666666667	0.139644444444444
201531.923524439	0.297755555555555	0.245088888888889	0.289555555555556	0.1676
205438.053154516	0.2912	0.255377777777778	0.286488888888889	0.166933333333333
207520.809707411	0.257955555555556	0.2608	0.298933333333333	0.182311111111111
210293.855193604	0.254111111111111	0.263666666666667	0.2934	0.188822222222222
214538.689463019	0.234266666666667	0.256133333333333	0.286311111111111	0.223288888888889
217416.913152548	0.197311111111111	0.268511111111111	0.289777777777778	0.2444
220378.820958328	0.194066666666667	0.2584	0.2878	0.259733333333333
222870.539943108	0.184488888888889	0.272577777777778	0.278488888888889	0.264444444444444
226382.220607811	0.159	0.258511111111111	0.268266666666667	0.314222222222222
229053.320238931	0.161333333333333	0.246622222222222	0.264177777777778	0.327866666666667
232561.266556005	0.129533333333333	0.248866666666667	0.240444444444445	0.381155555555556
235336.369381872	0.124533333333333	0.243888888888889	0.226577777777778	0.405
237812.438194944	0.1036	0.230511111111111	0.214511111111111	0.451377777777778
241910.366337404	0.0764666666666667	0.206622222222222	0.181444444444445	0.535466666666667
244499.882991486	0.0480222222222222	0.179422222222222	0.140777777777778	0.631777777777778
247854.149057726	0.0312	0.159444444444444	0.100288888888889	0.709066666666667
250962.611298016	0.00964444444444444	0.116666666666667	0.0437555555555555	0.829933333333333
253225.024601372	0.00588888888888889	0.0816222222222222	0.0259777777777778	0.886511111111111
256233.886727714	0.000933333333333334	0.0345	0.00663333333333333	0.957933333333333
259855.365244387	0	0.0142	0.000977777777777778	0.984822222222222
262190.538903677	0	0.00457777777777778	4.44444444444444e-05	0.995377777777778
266769.063956938	0	0.000466666666666667	0	0.999533333333333
268557.143926027	0	0	0	1
272437.895497276	0	0	0	1
275070.426618496	0	0	0	1
279457.960564563	0	0	0	1
284281.807023857	0	0	0	1
288686.353550163	0	0	0	1
293026.865506206	0	0	0	1
297578.439017349	0	0	0	1
305857.908746959	0	0	0	1
313352.619507731	0	0	0	1
336710.038798782	0	0	0	1
383470.448799397	0	0	0	1
414297.057406955	0	0	0	1
460619.187823458	0	0	0	1
