% Re	Cd_corrected
163659.048411651	1.00742624961366
179539.884416727	0.990437800798636
193553.517151668	0.965120627143936
210203.389207556	0.969319697852888
226289.520740562	0.954053178322803
241526.496343352	0.947088100284379
259014.300981375	0.935724138505433
274978.851732875	0.929218544757896
291700.740254005	0.924228636595141
307036.510211366	0.901717904633972
323151.798754404	0.866255505297003
339285.525564774	0.867126370753201
346511.383381133	0.852813191660527
354266.9532177	0.83213381688871
362717.179045735	0.820508462875187
370402.222258894	0.800295583321414
373705.409955946	0.797211463331564
378149.356163384	0.789895597149321
381823.679740761	0.788622161095525
385190.577102482	0.786004187725149
385587.846638897	0.783875275685761
387509.515051771	0.785094263337408
390260.558500616	0.786024682070377
392279.516948269	0.785560927863295
394064.162541018	0.783611163700193
395363.905637104	0.786416965699989
397102.204909529	0.78717522874137
398221.925752509	0.785384485527836
400887.714570883	0.778128694056292
403261.775005782	0.764289703952751
405532.373186817	0.435342385270041
409218.033210698	0.425378190137417
411906.743190943	0.413393086118911
414083.320366682	0.40227410889099
418856.158798752	0.394726681243347
421688.245363713	0.396245380184976
423966.332358978	0.397766845963441
425797.933158291	0.238114742992126
428108.03754231	0.23614087163763
432640.240621853	0.234688744482456
437802.282412699	0.232497639278394
441488.106666095	0.229327552789496
444263.581761689	0.228797937160166
451857.651353417	0.224765231327452
459899.85848237	0.218392725110809
468095.647981863	0.209548264338288
480398.416939657	0.190915600202821
491303.522766275	0.177863665481411
507388.526789465	0.167213918444035
522702.007395865	0.151725204652485
538220.10711369	0.143573601230232
553530.333647006	0.139132637108269
569670.391218422	0.1348381690562
585632.405080296	0.134826354295159
600940.11832247	0.138719916832928
617333.745089094	0.141817689136685
633577.426066092	0.146704052410817
664098.999079307	0.158153660946482
