% Re	Cd_corrected
160122.788008565	0.971205564717368
176975.267260669	0.972018705870382
194765.931361223	0.960078525173709
210844.194811278	0.964912937306172
226582.163548783	0.950460676841074
243647.189230575	0.938974385443707
251049.556527265	0.91763596003478
253986.725555341	0.910726382462781
256924.210928433	0.888854510252696
258623.893159589	0.882833037373126
260109.256002326	0.874624876560775
262341.774411482	0.857601792262738
264533.029402531	0.853141912482301
266919.966418527	0.84754770260966
268623.365903413	0.840453514756267
271798.275422155	0.8281715300243
273537.374994518	0.81843567170722
275404.376559472	0.812946904576331
277650.898793227	0.797753498707602
280013.782985512	0.79993597113465
283113.256934041	0.782572009511265
286519.700922604	0.761373629456878
289461.647689831	0.748032339328996
291146.099760924	0.73962384366278
295765.728902726	0.725575936755097
298318.546508368	0.721947184555377
300549.05376976	0.713713617094129
303626.707180057	0.707399603495354
306567.381659504	0.700124332969726
309537.300710778	0.693204542352
312822.216713142	0.685225206268493
315100.64078734	0.676045965633303
318465.716062474	0.672398978150026
321108.03160793	0.662776691856251
324447.092211045	0.651337457890507
327287.628847093	0.639318579860072
330108.251360144	0.63181285409859
332589.748510549	0.62170091264066
335636.964682682	0.6105537094886
339053.293488969	0.598104702337856
342239.025322087	0.582298855097689
344519.037955988	0.571867397106509
347528.097158515	0.557338681108354
350866.851822202	0.536702173949911
353384.112291068	0.51474009495304
356682.474898865	0.480492444001254
359748.159119536	0.434714500253926
360842.599822244	0.416307002655627
363247.917207483	0.380228295745277
364411.458202012	0.373956861181693
368117.704940654	0.361290219053138
370246.921245178	0.353202845058597
373792.326321609	0.331189544226105
374680.872136475	0.323917979082573
376926.506103606	0.314002039596508
378334.591467528	0.313873558869047
380049.906854084	0.297225790716369
385757.236453451	0.280129518909111
394213.934782346	0.284461375516255
409294.568412075	0.28924117373031
439963.569649543	0.279007222445951
470397.929506121	0.271701470152678
