#Re	p(S0)	p(S1b)	p(S1t)	p(S2)
155282.241543249	0.771533333333333	0.0837666666666667	0.1113	0.00636666666666667
171621.850546479	0.762	0.0903333333333333	0.115833333333333	0.00286666666666667
188929.522316271	0.790166666666667	0.0767	0.103	0.0016
204501.810918777	0.7653	0.0818333333333333	0.1242	0.000566666666666667
219843.965984473	0.803066666666667	0.0670333333333333	0.101333333333333	0.0002
236467.71422503	0.7753	0.0881166666666667	0.0956	0.0168333333333333
243778.432631622	0.6514	0.13095	0.125933333333333	0.0725333333333333
246671.891813953	0.626508333333334	0.14165	0.148008333333333	0.0659583333333333
249656.972604075	0.640433333333333	0.12655	0.14605	0.0715166666666666
251345.149495378	0.709366666666667	0.12035	0.12785	0.0272666666666667
252838.801692866	0.634016666666667	0.139966666666667	0.145066666666667	0.0657666666666667
255113.535066359	0.565233333333333	0.137083333333333	0.176783333333333	0.107733333333333
257272.015662982	0.5684	0.1415	0.187783333333333	0.0896333333333333
259628.346336479	0.558816666666667	0.1742	0.15225	0.10125
261329.732563662	0.48845	0.17965	0.184666666666667	0.134133333333333
264496.33032441	0.4132	0.185816666666667	0.224816666666667	0.16205
266250.764381012	0.35665	0.176266666666667	0.274416666666667	0.177183333333333
268103.222798552	0.371716666666667	0.211883333333333	0.196933333333333	0.203833333333333
270388.269368972	0.313416666666667	0.213633333333333	0.2389	0.218466666666667
272675.149124337	0.28175	0.236666666666667	0.22805	0.236616666666667
275807.492298028	0.309433333333333	0.225266666666667	0.216883333333333	0.231233333333333
279266.673108686	0.301366666666667	0.2147	0.23105	0.233966666666667
282223.3798205	0.288133333333333	0.205666666666667	0.238583333333333	0.247733333333333
283922.203079131	0.276266666666667	0.22625	0.25555	0.222583333333333
288522.958086108	0.292566666666667	0.203933333333333	0.235966666666667	0.2461
291038.181378867	0.27315	0.208733333333333	0.241966666666667	0.253316666666667
293271.177783539	0.298016666666667	0.216866666666667	0.251316666666667	0.211633333333333
296318.366029693	0.268222222222222	0.216644444444444	0.247866666666667	0.2416
299239.476635004	0.249355555555556	0.219511111111111	0.245044444444445	0.261644444444445
302187.551296218	0.231733333333333	0.226355555555556	0.262955555555555	0.254777777777778
305451.690196613	0.199066666666667	0.229844444444444	0.252	0.293711111111111
307742.668096142	0.210755555555556	0.235555555555556	0.256933333333333	0.269066666666667
311055.741801328	0.172911111111111	0.223044444444444	0.259755555555556	0.317466666666667
313707.223267789	0.175955555555556	0.216866666666667	0.250444444444444	0.329333333333333
317054.079042526	0.165022222222222	0.212888888888889	0.254955555555556	0.338622222222222
319919.590960946	0.159111111111111	0.234	0.255288888888889	0.323466666666667
322733.149291935	0.154311111111111	0.226822222222222	0.251622222222222	0.339688888888889
325235.728105308	0.142644444444444	0.229866666666667	0.249733333333333	0.348377777777778
328300.587686452	0.132177777777778	0.224066666666667	0.232911111111111	0.381444444444444
331738.025020671	0.125777777777778	0.213666666666667	0.229555555555556	0.402777777777778
334977.570801913	0.124533333333333	0.2306	0.229777777777778	0.3854
337290.498518692	0.117822222222222	0.223911111111111	0.217977777777778	0.410777777777778
340350.464778344	0.127	0.217088888888889	0.2016	0.426
343783.465706739	0.1324	0.2276	0.201333333333333	0.407888888888889
346424.403374569	0.155622222222222	0.249311111111111	0.210444444444445	0.354555555555555
349931.557158377	0.121316666666667	0.304766666666667	0.135183333333333	0.4131
353306.570242491	0.0768833333333333	0.424866666666667	0.0574666666666667	0.41665
354529.030510817	0.0333888888888889	0.476622222222222	0.0253888888888889	0.441333333333333
357182.612146223	0.00808333333333333	0.575283333333333	0.00475	0.388283333333333
358377.234811045	0	0.581133333333333	0	0.39455
362125.053542663	0	0.57395	0	0.40215
364285.637133359	0	0.557158878504673	0	0.421177570093458
367955.097105365	0	0.48385	0	0.4963
368889.645036871	0	0.456383333333333	0	0.524716666666667
371182.632313578	0	0.0848999999999999	0	0.910833333333333
372570.326927398	0	0.0155111111111111	0	0.983666666666667
374398.214352391	0	0	0	1
380164.979290517	0	0	0	1
388461.742513705	0	0	0	1
403279.527376092	0	0	0	1
433596.285855709	0	0	0	1
463665.276522241	0	0	0	1
