175	1.182	2.017
200	1.329	1.765
225	1.467	1.569
250	1.599	1.412
275	1.725	1.284
300	1.846	1.177
325	1.962	1.086
350	2.075	1.009
375	2.181	0.9413
400	2.286	0.8824
450	2.485	0.7844
500	2.67	0.706
550	2.849	0.6418
600	3.017	0.5883
650	3.178	0.543
700	3.332	0.5043
750	3.482	0.4706
800	3.624	0.4412
850	3.763	0.4153
900	3.897	0.3922
950	4.026	0.3716
1000	4.153	0.353
1050	4.276	0.3362
1100	4.396	0.3209
1150	4.511	0.3069
1200	4.626	0.2941
1250	4.736	0.2824
1300	4.846	0.2715
1350	4.952	0.2615
1400	5.057	0.2521
1500	5.264	0.2353
1600	5.457	0.2206
1700	5.646	0.2076
1800	5.829	0.1961
1900	6.008	0.1858