0,0.499524398339037,0.136995148726657
0.002,0.492490264981665,0.194356433003353
0.004,0.498805921060845,0.232717391506524
0.006,0.501876202256382,0.284545971020282
0.008,0.499659224184187,0.328200435047157
0.01,0.487766152954506,0.380980492366571
0.012,0.503534540128905,0.419902914930549
0.014,0.52055589035632,0.437915897497068
0.016,0.536798208494772,0.431136529604511
0.018,0.559123362637468,0.414901313167286
0.02,0.564995744652185,0.391902619532346
0.022,0.561422569556329,0.354499515068487
0.024,0.595334275777748,0.310311744694513
0.026,0.626030551282403,0.285360310703766
0.028,0.648637014125722,0.251333581432162
0.03,0.691800105497125,0.220762297387294
0.032,0.726134562857975,0.209240507820221
0.034,0.734226547473222,0.179210515553604
0.036,0.69784842322055,0.132598019380682
0.038,0.647553421931688,0.0641780680622614
0.04,0.63089071953902,-0.0504811098478147
0.042,0.65058748112454,-0.183041267209672
0.044,0.708610560902477,-0.312502536413535
0.046,0.793944535050755,-0.436857410256696
0.048,0.782407911690269,-0.525288876720406
0.05,0.75374488669083,-0.603015729071322
0.052,0.727515164462352,-0.658744869338205
0.054,0.742147767162516,-0.69401362351092
0.056,0.74527981868929,-0.733033982432669
0.058,0.732239433346175,-0.733026084472116
0.06,0.709992696527026,-0.717026472190214
0.062,0.652917305565789,-0.658051453240407
0.064,0.596770069321358,-0.586164803725718
0.066,0.568612335935798,-0.534006205993173
0.068,0.561276741646666,-0.464100419363292
0.07,0.549071620848637,-0.392284040357798
0.072,0.544982024840698,-0.328769054875719
0.074,0.561844662100259,-0.25759632315781
0.076,0.592892057461622,-0.172486430108402
0.078,0.625085488535652,-0.0693444025103438
0.08,0.644318930527869,0.0316600364047005
0.082,0.647749633140144,0.143992965125454
0.084,0.685392229022109,0.241659648894619
0.086,0.736266432817874,0.356664790746506
0.088,0.760885964006822,0.478334251316561
0.09,0.756829091051503,0.598795081192938
0.092,0.729063262533287,0.703114135841932
0.094,0.70349000121292,0.80272324617252
0.096,0.691030935632025,0.872801288724321
0.098,0.676098189191873,0.90431331197403
0.1,0.678503249071166,0.907191773198301
0.102,0.6899555793936,0.874524603916927
0.104,0.691897412388114,0.803129499484848
0.106,0.669156681384903,0.686250071369054
0.108,0.64519064159663,0.55183560835814
0.11,0.654364398390353,0.423554249204983
0.112,0.648327515582078,0.304590659753867
0.114,0.605424564920685,0.173299168316363
0.116,0.559214473549255,0.0627991175282205
0.118,0.546056325687439,-0.0335745172349736
0.12,0.537372490832823,-0.140505409246479
0.122,0.548036944486386,-0.202410410293755
0.124,0.540085174500705,-0.268779763818183
0.126,0.544245532822855,-0.319974676444888
0.128,0.564754083500017,-0.375360529063617
0.13,0.569198712131025,-0.433037705159378
0.132,0.552515985489975,-0.493077101553035
0.134,0.545848617799568,-0.540681396009408
0.136,0.542628467202181,-0.597117939147918
0.138,0.512122847374999,-0.638850255490338
0.14,0.465160428185797,-0.677013279738864
0.142,0.461120240997283,-0.699314990314602
0.144,0.450361323287566,-0.720604212640323
0.146,0.440436325085974,-0.738579176680869
0.148,0.43120343131576,-0.732978358408403
0.15,0.434867980148988,-0.715249708321397
0.152,0.442861545927664,-0.681680053992229
0.154,0.460453160543607,-0.656907443421487
0.156,0.47064024327816,-0.615199815181454
0.158,0.487975766712927,-0.555721472567089
0.16,0.498390450272863,-0.486418084520353
0.162,0.510421664588362,-0.417651212282792
0.164,0.518881297170473,-0.318405981180088
0.166,0.533666082996841,-0.216062967328391
0.168,0.5296821438946,-0.106689979261834
0.17,0.507811007038289,0.00238867700258362
0.172,0.502326890249436,0.101641583540996
0.174,0.504390545477485,0.184596715946875
0.176,0.530356451528502,0.263403141123376
0.178,0.560467778880002,0.323103528527384
0.18,0.584242263691408,0.363656015855425
0.182,0.627934728138174,0.396992798893141
0.184,0.636225136351918,0.412482744800615
0.186,0.646431645714106,0.432586669745096
0.188,0.682180880956164,0.463027027102482
0.19,0.726680827483562,0.499406654167328
0.192,0.762230272237846,0.527679191534192
0.194,0.75503521655234,0.546363535747482
0.196,0.732187605226245,0.578381570107294
0.198,0.692605309873337,0.586202878812442
0.2,0.666445374899177,0.573377766010424
0.202,0.627133739722028,0.543455019107352
0.204,0.619711236938994,0.527353385121011
0.206,0.63221449171339,0.503657322272013
0.208,0.672171032941725,0.464764167913652
0.21,0.632769432555512,0.395135595619964
0.212,0.61748228575557,0.340254946298407
0.214,0.622934485282981,0.289223263538104
0.216,0.605606085197076,0.221820804592963
0.218,0.580185359208186,0.159620040495037
0.22,0.556429641907715,0.09814987892458
0.222,0.553887663854325,0.0472298423517567
0.224,0.57084505157831,0.00741590543909559
0.226,0.582437368302448,-0.0648137125209545
0.228,0.608761617875503,-0.120401926901177
0.23,0.631359018401676,-0.158164693309745
0.232,0.650209475601628,-0.182068722340994
0.234,0.671752242340899,-0.212624882008305
0.236,0.695603536753535,-0.23720615755857
0.238,0.704570513143196,-0.235366657762902
0.24,0.709671697841127,-0.226643035550922
0.242,0.703238192124042,-0.178311481544264
0.244,0.723510049994713,-0.157216814181475
0.246,0.721774731590824,-0.140609709495947
0.248,0.743014943557545,-0.130799773806139
0.25,0.714357500875682,-0.0662812913037288
0.252,0.700797486371995,0.0272588644694206
0.254,0.723372366247691,0.145686411258024
0.256,0.693796943890811,0.291015695011711
0.258,0.69268891015769,0.432206091989398
0.26,0.692209776452805,0.567610249561373
0.262,0.688969012658078,0.699733799688176
0.264,0.714062428112791,0.821157484937879
0.266,0.744765006455397,0.902556140960084
0.268,0.757692726723693,0.949249083541645
0.27,0.76022525934399,0.965897449280104
0.272,0.75021307797108,0.966564075422801
0.274,0.746519553668406,0.951538795370397
0.276,0.736915546001768,0.929975261653988
0.278,0.724126342990561,0.893538005163803
0.28,0.725770438149661,0.82427405762795
0.282,0.721572712565699,0.750532963364244
0.284,0.726672206300399,0.65143740508991
0.286,0.749276033600247,0.543669620010966
0.288,0.746852982336191,0.436960404414484
0.29,0.761702670048398,0.334252404084158
0.292,0.78329444397461,0.230425685740292
0.294,0.783786247908868,0.136066253347963
0.296,0.741966626435387,0.0447989293330279
0.298,0.713868320068461,-0.0147294381352064
0.3,0.70919939885765,-0.0749203008751129
0.302,0.700140780783401,-0.152494125332925
0.304,0.718065268457757,-0.227755376087375
0.306,0.731643586350153,-0.30404936173493
0.308,0.717704762948395,-0.360364392548641
0.31,0.717947133641915,-0.420290783352989
0.312,0.700046302093099,-0.460453483220794
0.314,0.682734803373394,-0.458122761608912
0.316,0.634534348204047,-0.450442208583014
0.318,0.619477523998586,-0.421926126751122
0.32,0.616053582644361,-0.38580871247957
0.322,0.629894781436821,-0.354335255511714
0.324,0.646040966599003,-0.344195684338963
0.326,0.667244125019948,-0.349324118532845
0.328,0.679723528149588,-0.342769618613488
0.33,0.66672847827013,-0.343937293329354
0.332,0.65768959364164,-0.350819291853124
0.334,0.655260268544286,-0.342095882894539
0.336,0.66365042386263,-0.327741694985957
0.338,0.612286544058944,-0.24680855646359
0.34,0.588855161969534,-0.18638287055377
0.342,0.563959971520333,-0.129550308260641
0.344,0.545349179947563,-0.0518768082274176
0.346,0.505900218772503,0.0130808783323456
0.348,0.480759582546699,0.0731897102850673
0.35,0.464568256253402,0.122772927823789
0.352,0.479039349873018,0.146464928182694
0.354,0.502483823788477,0.173130569540351
0.356,0.536590011917657,0.182028997762139
0.358,0.559326432101777,0.186157443391895
0.36,0.590732180498361,0.181874488772827
0.362,0.630100062179142,0.168817753726387
0.364,0.65100499535269,0.189086236659344
0.366,0.670553531413773,0.209974948420392
0.368,0.672279759622771,0.235920580712309
0.37,0.685849019091792,0.241453247687164
0.372,0.686220616875842,0.22025281081103
0.374,0.673424408438634,0.160124961701429
0.376,0.671473408547326,0.119525544189719
0.378,0.670090569196553,0.0558200501070261
0.38,0.689066411985089,0.0110511937956629
0.382,0.721175736223578,-0.00873010509016608
0.384,0.697401025064476,-0.0325927429953785
0.386,0.648569043812531,-0.0411958714716437
0.388,0.612565566634215,-0.0861314645367802
0.39,0.581376860541916,-0.142879348496489
0.392,0.559828765195966,-0.211980436327735
0.394,0.563015936040546,-0.260597938135645
0.396,0.543829208016592,-0.296870524035526
0.398,0.523009664993594,-0.302695557385758
0.4,0.515365904153644,-0.274436027689803
0.402,0.513425845455986,-0.215350958677484
0.404,0.541912519225959,-0.133274904583661
0.406,0.570165883228025,-0.050222213665362
0.408,0.593753328196159,0.0013670637749206
0.41,0.610940314673258,0.0322775847812008
0.412,0.618262815204323,0.00342569386514959
0.414,0.621918446219726,-0.0340157569436148
0.416,0.643192914024212,-0.0929781722184564
0.418,0.647409347333007,-0.141596649530865
0.42,0.634785586665442,-0.170926494465135
0.422,0.627006304592823,-0.126800526161295
0.424,0.610909384079868,-0.0919542614097461
0.426,0.629223838838481,-0.0131541326120227
0.428,0.664318670470194,0.0545905522986807
0.43,0.672099404631593,0.0820437430335938
0.432,0.678000544339252,0.0992945284796768
0.434,0.66550722664959,0.0451306097595892
0.436,0.66291122868695,-0.0631159192954994
0.438,0.676022282895733,-0.230271732432278
0.44,0.664198269302454,-0.407943149646803
0.442,0.677281518627702,-0.541381158422255
0.444,0.69401100835731,-0.645739227460689
0.446,0.717798261918736,-0.651884336043247
0.448,0.680105729147944,-0.61985676290676
0.45,0.697389218607114,-0.522761322833959
0.452,0.708737219934079,-0.423141358106785
0.454,0.724649646452831,-0.331846551639935
0.456,0.710254187830348,-0.251348108952778
0.458,0.687538536843621,-0.213164090226774
0.46,0.678908406471846,-0.209303158533222
0.462,0.710051000789022,-0.213875441533585
0.464,0.707401428375252,-0.260860827189657
0.466,0.710877095538047,-0.289068275950543
0.468,0.735279575085662,-0.287087634437609
0.47,0.745421353201089,-0.28264875282884
0.472,0.762513117480421,-0.276799040065882
0.474,0.811522985459191,-0.259444301419792
0.476,0.819297658953862,-0.211890147823515
0.478,0.803091622048222,-0.151516125949579
0.48,0.789769804653374,-0.0935927884110524
0.482,0.780883463117548,-0.0257228954878873
0.484,0.756715342332766,-0.00438741957188387
0.486,0.768731678483535,0.0225633812821418
0.488,0.753705087039659,0.0153023238026317
0.49,0.774513410010629,0.0182215349661445
0.492,0.796909167531752,0.0529160886458409
0.494,0.8071022485891,0.0533158380446657
0.496,0.815888046324386,0.0774907642568365
0.498,0.827010995157513,0.095432314195369
0.5,0.870081048338117,0.0931017690638659
0.502,0.911681494431624,0.108181577962844
0.504,0.910347091207995,0.0868329951281551
0.506,0.911518610065476,0.0562406854462608
0.508,0.865432291578186,-0.0136944899910345
0.51,0.827157135091686,-0.0808316694714642
0.512,0.828974335083494,-0.143884916998506
0.514,0.814490838228118,-0.218058246949201
0.516,0.807543579566273,-0.283876012854595
0.518,0.768692371994753,-0.330295738489791
0.52,0.760320270436113,-0.390960105102423
0.522,0.758506740932784,-0.410906856003029
0.524,0.764778842243125,-0.426822297840542
0.526,0.767730988276637,-0.430911519222908
0.528,0.762777708644897,-0.448479568812561
0.53,0.781836789140693,-0.471840365195036
0.532,0.807586506766935,-0.482714110395031
0.534,0.872336626585636,-0.510206651051916
0.536,0.874884728587696,-0.510982347766084
0.538,0.859493543527537,-0.490967603972461
0.54,0.862162026203055,-0.474455806339878
0.542,0.85606202702288,-0.475173457618061
0.544,0.835272956753809,-0.422854668255566
0.546,0.802607346451063,-0.380265278420936
0.548,0.752518997763275,-0.304120882949961
0.55,0.735259174553211,-0.245248759024413
0.552,0.724026210615567,-0.183652776969344
0.554,0.671475084508699,-0.125261800493792
0.556,0.714035224978193,-0.0705701573134906
0.558,0.759097225246607,-0.0216162740375884
0.56,0.787707895345786,0.00264422392093958
0.562,0.805591961910908,0.0591716088469359
0.564,0.837023619564405,0.105541082275555
0.566,0.843579967860849,0.150619392401575
0.568,0.847493240028161,0.195698609125614
0.57,0.812513006598701,0.229523822848556
0.572,0.809818862056254,0.257553990791396
0.574,0.813994764628834,0.268436920965948
0.576,0.820356724192265,0.254648126345921
0.578,0.83439289864132,0.237123983093204
0.58,0.839829312133359,0.207724049536699
0.582,0.855368095100583,0.163497079339022
0.584,0.896088912211247,0.122534888603178
0.586,0.931613160578958,0.032537590340908
0.588,0.966187095824078,-0.0289740768218778
0.59,0.968797628750306,-0.10810693570391
0.592,0.942980603859273,-0.224968897245207
0.594,0.932636924536168,-0.315548728912537
0.596,0.908633562036641,-0.383388446584673
0.598,0.902173281251131,-0.44578038417561
0.6,0.827829598274671,-0.496462094934816
0.602,0.828520378726484,-0.569162583773738
0.604,0.850499119459527,-0.610111215313913
0.606,0.8473337987762,-0.644272942255156
0.608,0.811809980947958,-0.638659097091265
0.61,0.779477625152937,-0.628968585271033
0.612,0.755158780227272,-0.621827609149217
0.614,0.713725346038653,-0.59668601601175
0.616,0.708158033217671,-0.555000341789677
0.618,0.684560020228223,-0.511701142983204
0.62,0.731056218297576,-0.465384598450838
0.622,0.762036638757539,-0.392817332339717
0.624,0.763416783557457,-0.28842863954982
0.626,0.784098029646086,-0.175003502089436
0.628,0.804058660748527,-0.074598843166131
0.63,0.831819328903221,0.0320397545571441
0.632,0.858199836175327,0.144042431456905
0.634,0.868912325146454,0.24760645977973
0.636,0.879463790313433,0.348594802275359
0.638,0.881820063108951,0.438509822289992
0.64,0.905300672398281,0.514920585764245
0.642,0.920901558883722,0.586682775686272
0.644,0.917826299858489,0.644063574243199
0.646,0.915306582367229,0.698259680702774
0.648,0.902733844167578,0.70826114070524
0.65,0.882448257716982,0.702978686347143
0.652,0.876555456158147,0.715910751431818
0.654,0.865565631536216,0.660444937126978
0.656,0.833730856170739,0.589244518404717
0.658,0.804860670457948,0.509781187499319
0.66,0.799645840870006,0.437036001531764
0.662,0.754221428325263,0.336676838889594
0.664,0.785811154984521,0.247503886308173
0.666,0.81320771069661,0.15949453286122
0.668,0.82819577717008,0.0767815300434834
0.67,0.861140818206129,0.021616303189461
0.672,0.835726582767756,-0.0558723076121213
0.674,0.841038880247031,-0.0908833458665814
0.676,0.852990843155991,-0.125569557097629
0.678,0.879213472223696,-0.160257653724617
0.68,0.892585829822287,-0.241771098920723
0.682,0.86371767427785,-0.310205045696337
0.684,0.844957331665476,-0.388219515514407
0.686,0.804268221731715,-0.480926237537368
0.688,0.764647732608078,-0.556886596474875
0.69,0.765084954411777,-0.606143366052125
0.692,0.764529046251193,-0.646127463439416
0.694,0.74798277042311,-0.629981628984058
0.696,0.763231304982173,-0.576430538106636
0.698,0.785343245119103,-0.482658932383648
0.7,0.810636370485171,-0.402491850361
0.702,0.880944538633183,-0.325794228218547
0.704,0.913221044973705,-0.196717389170907
0.706,0.900469295457646,-0.0120204380488403
0.708,0.877614786879734,0.164271425895184
0.71,0.827220142114335,0.324640953544974
0.712,0.82189612324013,0.42099744884351
0.714,0.83046759777563,0.471504420107946
0.716,0.817439986561299,0.516944143010503
0.718,0.798554515971008,0.549319920040016
0.72,0.751228475519072,0.550686692885602
0.722,0.71481767420826,0.557827733138113
0.724,0.684335515582427,0.528656334813962
0.726,0.642525931268778,0.474666096634304
0.728,0.613566746753942,0.412227950253259
0.73,0.605189910450852,0.349677505146953
0.732,0.599524348565868,0.276017947970896
0.734,0.588088367828262,0.218627436064614
0.736,0.589481642019566,0.157768798889424
0.738,0.582255868638811,0.0760702002952337
0.74,0.607712066187237,0.00188587438505607
0.742,0.633823114920672,-0.0838335487695257
0.744,0.645724080699443,-0.168073669105201
0.746,0.670219106372011,-0.273377164798535
0.748,0.695016604763951,-0.376602020376863
0.75,0.727470330107479,-0.4559309846139
0.752,0.726069765229225,-0.507998299422317
0.754,0.74567793678553,-0.591085595601231
0.756,0.756393981256794,-0.665354742416231
0.758,0.747365861784572,-0.742178683307742
0.76,0.789426737851934,-0.772719623875572
0.762,0.790419983449449,-0.751703656232034
0.764,0.794995273476944,-0.693679296631251
0.766,0.817722506184202,-0.59943456993684
0.768,0.820400513882046,-0.505631116184611
0.77,0.828419302893489,-0.420353072116229
0.772,0.840268961499315,-0.337683342275459
0.774,0.817879298914561,-0.251280597043404
0.776,0.783448136692513,-0.191445357654427
0.778,0.748313319302996,-0.133818373397362
0.78,0.69540220557366,-0.083811654248102
0.782,0.651890072046736,-0.0719808235470912
0.784,0.616218326175035,-0.0851766775115492
0.786,0.629780986361955,-0.125388549703467
0.788,0.613496730031967,-0.219708768907524
0.79,0.604837654907087,-0.339358980934065
0.792,0.570214289893083,-0.425733128409895
0.794,0.584264652953658,-0.528775059760042
0.796,0.614548792753134,-0.619089088600088
0.798,0.620748673857645,-0.6698619145882
0.8,0.615091419969524,-0.712400851869529
0.802,0.58808283729268,-0.729545618809562
0.804,0.583185205735706,-0.74583147658952
0.806,0.579781728228577,-0.747075392793573
0.808,0.583670312191986,-0.750637327536836
0.81,0.606723714566876,-0.737826865082116
0.812,0.629954660739109,-0.734561815593437
0.814,0.666836924119242,-0.706861749319782
0.816,0.701187077964381,-0.659860426709721
0.818,0.747939035906475,-0.61632750448565
0.82,0.792139753359021,-0.562465498264121
0.822,0.829101960012338,-0.456694334630923
0.824,0.882010329524721,-0.347183472749691
0.826,0.890525845133281,-0.224478781539107
0.828,0.889565560027059,-0.111730156215117
0.83,0.870803948605908,-0.00340887402057796
0.832,0.850583459536788,0.111084458599612
0.834,0.826807732891694,0.198945985078968
0.836,0.785696223684494,0.288919760644123
0.838,0.753817208943542,0.366308826355811
0.84,0.707370025857653,0.408079257751443
0.842,0.674060213258889,0.456014674043387
0.844,0.635109696199471,0.497029796604793
0.846,0.602284987335449,0.529784672783356
0.848,0.599992177112613,0.55092045475428
0.85,0.592367699468312,0.541287076812553
0.852,0.593480186874525,0.502611512260437
0.854,0.604459220287954,0.451691949938138
0.856,0.59668982241059,0.378426767695564
0.858,0.586415186407789,0.296042099388222
0.86,0.573749594399419,0.197626809054214
0.862,0.562102256153945,0.092059431435807
0.864,0.563744516987811,-0.0025320512903171
0.866,0.575015805287997,-0.080222311958983
0.868,0.581479095592188,-0.132757566864813
0.87,0.572014211333744,-0.180446794266627
0.872,0.568473910567845,-0.201652037863696
0.874,0.592408526830291,-0.170433271757189
0.876,0.614712928950381,-0.132491006891631
0.878,0.654732285890068,-0.100766654715469
0.88,0.671588037022459,-0.0726640554294655
0.882,0.674185820009951,-0.0808796653292771
0.884,0.650003376053605,-0.133597144766509
0.886,0.657723441992577,-0.208001980063817
0.888,0.70426658145936,-0.299904794008597
0.89,0.733400370087911,-0.397063993979725
0.892,0.722315063166764,-0.468673024980297
0.894,0.743302511198154,-0.51829652431005
0.896,0.734643950547401,-0.509122182533439
0.898,0.734511005643558,-0.46375874907154
0.9,0.734115553520798,-0.419732772168231
0.902,0.696283796361642,-0.368607654411718
0.904,0.653908190209415,-0.348685027950748
0.906,0.619988982436182,-0.318485747433706
0.908,0.631183280866339,-0.285472675093194
0.91,0.65619702339554,-0.228625781578873
0.912,0.710835509956521,-0.129501617592799
0.914,0.703403060704187,-0.00340136486598792
0.916,0.683704608467176,0.147325415810108
0.918,0.662549975897322,0.313693847970275
0.92,0.631348911714852,0.459568560119787
0.922,0.609741578981699,0.566164052920467
0.924,0.58161148049703,0.636778456798454
0.926,0.553623183763782,0.662696264573856
0.928,0.513099674646704,0.65425246071586
0.93,0.485238794023454,0.626411866512401
0.932,0.491531683466087,0.568983574425679
0.934,0.518608070807056,0.523191945789484
0.936,0.54045465591494,0.483409486589554
0.938,0.567788470489285,0.45797569577014
0.94,0.584392959388744,0.420266647406601
0.942,0.591446448809673,0.384115945639703
0.944,0.605801701917802,0.343511029247718
0.946,0.621316691605984,0.279247706918988
0.948,0.622276078950095,0.163343639605202
0.95,0.624360848079738,0.0257496992157762
0.952,0.647939493685242,-0.0987156939522802
0.954,0.676617501638225,-0.198937880326452
0.956,0.652695093957819,-0.297497748069491
0.958,0.641482757635312,-0.359393765374214
0.96,0.662348588148881,-0.394159334601171
0.962,0.670034448000762,-0.43301502037088
0.964,0.651185429277252,-0.469328717835677
0.966,0.627057194667716,-0.513018158225487
0.968,0.603334987062616,-0.556668326407871
0.97,0.585378885699345,-0.590796696133353
0.972,0.573139379946716,-0.640385601910496
0.974,0.575738814355869,-0.686439634715015
0.976,0.579329417683464,-0.716089114197507
0.978,0.571411031007091,-0.724340936742089
0.98,0.556529626080049,-0.712248241059028
0.982,0.539574170882113,-0.677307129780958
0.984,0.543337761350431,-0.624873455925383
0.986,0.540202133236504,-0.561984900396201
0.988,0.523835748208674,-0.507410283822055
0.99,0.52323835321601,-0.464635160967053
0.992,0.525293193473905,-0.418802484697165
0.994,0.535113795343691,-0.39702010217384
0.996,0.559373533558877,-0.362920072936022
0.998,0.56684681651181,-0.319037107852037
1,0.57042966174524,-0.242886117674679
1.002,0.577196241660685,-0.13726535086409
1.004,0.5575905669014,-0.0426803283833233
1.006,0.541156168480323,0.0632438325256243
1.008,0.523051215554846,0.154861588959273
1.01,0.503096126157687,0.252718137887035
1.012,0.483114632769226,0.337103716350247
1.014,0.474116321010874,0.405472353186732
1.016,0.439407337833776,0.452609355492207
1.018,0.430294360597839,0.482804174795685
1.02,0.437927855892864,0.499957395711767
1.022,0.425153888517556,0.48959136777066
1.024,0.427380363136231,0.471876751264485
1.026,0.426406014289578,0.443149853673059
1.028,0.411098892984021,0.40882418469263
1.03,0.395143514261435,0.36581045314134
1.032,0.37394647632367,0.335052907723536
1.034,0.37464653737661,0.295018563958486
1.036,0.375997511012495,0.262933317093984
1.038,0.364323051658873,0.239303349114847
1.04,0.355896882528501,0.207013346842758
1.042,0.347912697946436,0.183853056719943
1.044,0.365964475819657,0.188941277180423
1.046,0.376900930308432,0.185329214277229
1.048,0.390506626238939,0.188037096120853
1.05,0.402525605090915,0.201374168576563
1.052,0.414221460020757,0.211297013834411
1.054,0.431149665779406,0.208395230997292
1.056,0.44940322552469,0.21301600766648
1.058,0.463948616934648,0.231208621723714
1.06,0.475331895850199,0.254611165596053
1.062,0.478736296393718,0.289433656118053
1.064,0.465121627508634,0.297191743971028
1.066,0.450558867627697,0.312936736137402
1.068,0.438749942257024,0.31243715360283
1.07,0.413228522815967,0.286215069105353
1.072,0.394485346505427,0.256559394385701
1.074,0.381472961664624,0.24007876525702
1.076,0.36958084721332,0.219879095258089
1.078,0.36323704260829,0.206911423384178
1.08,0.356508135333088,0.197576283374514
1.082,0.36719674442312,0.19655055204504
1.084,0.359597002469156,0.18481757727981
1.086,0.342742493180162,0.159761051533976
1.088,0.336876627959652,0.130867142569616
1.09,0.328756213818236,0.0880773038702951
1.092,0.314404606210937,0.040350888257395
1.094,0.326875269889727,-0.00283795502678637
1.096,0.322144208014236,-0.0321008785150239
1.098,0.311955105061071,-0.0522357622493595
1.1,0.319210596918143,-0.0599646367831117
1.102,0.35346475284092,-0.0438493230128858
1.104,0.366333820237222,-0.0410619037916646
1.106,0.396052141289594,-0.0396295019608534
1.108,0.428229578838931,-0.0429583190834253
1.11,0.464632902135131,-0.0633780720615676
1.112,0.502717312914476,-0.104207112775487
1.114,0.526276929291922,-0.174945186308926
1.116,0.547388717010914,-0.250598835334176
1.118,0.557121147760985,-0.323844546313723
1.12,0.589774675897251,-0.387549256041941
1.122,0.60179584860123,-0.444720024992151
1.124,0.625735748201736,-0.44875244719747
1.126,0.649231662761744,-0.443504036608745
1.128,0.623828627454444,-0.460767129236189
1.13,0.599020165847949,-0.477294646638783
1.132,0.581136959605417,-0.525098796628086
1.134,0.533975078319077,-0.584535820488103
1.136,0.515231058204893,-0.66201423244246
1.138,0.507220973332919,-0.746334672698874
1.14,0.471415891751495,-0.822816740403202
1.142,0.427740319970582,-0.884158986950458
1.144,0.402633856792512,-0.881835918705431
1.146,0.38075925580145,-0.867467105012085
1.148,0.356807599320275,-0.837197393399495
1.15,0.352622328423949,-0.785106577880508
1.152,0.349654756868252,-0.741770190588197
1.154,0.338693582676979,-0.689781349711452
1.156,0.339560530798879,-0.647463447012026
1.158,0.336565183624754,-0.612046911943983
1.16,0.334410834238082,-0.576188801909951
1.162,0.341106228879831,-0.545605894848797
1.164,0.32995430568415,-0.527958695084331
1.166,0.335132561851891,-0.489221053070391
1.168,0.337708504412147,-0.441637610880721
1.17,0.348995556073254,-0.386912997251057
1.172,0.353427522380642,-0.315240487450109
1.174,0.363730387644484,-0.259376029841472
1.176,0.376579522033256,-0.219808506427772
1.178,0.393353056355456,-0.20061097592842
1.18,0.392328482220498,-0.200475209304149
1.182,0.409605602059095,-0.228876233982324
1.184,0.400754355918532,-0.245171309984665
1.186,0.395345736152322,-0.251740836163683
1.188,0.385903443790016,-0.237340010089815
1.19,0.396907570939518,-0.200931830320079
1.192,0.42211747930585,-0.149225116825692
1.194,0.443510346020296,-0.112939580881337
1.196,0.451792517488887,-0.0889087187901326
1.198,0.438758979680581,-0.0853593312251113
1.2,0.420150405465946,-0.102791095655997
1.202,0.421559214140651,-0.145791281041778
1.204,0.429273100777025,-0.184950569537724
1.206,0.461734135513507,-0.234434174153032
1.208,0.494863013425937,-0.269678661609317
1.21,0.532343475430592,-0.292482441464202
1.212,0.568375103709886,-0.310813517062095
1.214,0.614579721794874,-0.310445196285342
1.216,0.625902141846489,-0.312481765679308
1.218,0.618144133511055,-0.32956617745716
1.22,0.639825288325409,-0.372170813144994
1.222,0.669914196194357,-0.441454503930458
1.224,0.68020636865316,-0.537785776897483
1.226,0.682675573340322,-0.652350677854883
1.228,0.670337230587128,-0.758631432847609
1.23,0.660600610763723,-0.866818990956433
1.232,0.664397756528355,-0.958629312142452
1.234,0.649575014687068,-1.03073678558934
1.236,0.638577960678821,-1.08464283262151
1.238,0.643872264118072,-1.11706759167391
1.24,0.633192364006223,-1.16423122622992
1.242,0.597550296133819,-1.19934040550619
1.244,0.583027886233807,-1.220250210565
1.246,0.582360934226611,-1.24445745159879
1.248,0.583114763197724,-1.25991798751445
1.25,0.565832374431952,-1.27026764169331
1.252,0.548962211094215,-1.2553980219831
1.254,0.541598401784597,-1.25030906721172
1.256,0.544481891463724,-1.2504291076173
1.258,0.557959815334699,-1.24195698418064
1.26,0.559611248920485,-1.2322009867794
1.262,0.541551608383372,-1.20590772339149
1.264,0.543236703669569,-1.19098369197401
1.266,0.541250899884934,-1.20488070935274
1.268,0.532484871206383,-1.22334473347347
1.27,0.516764397207466,-1.23759588929241
1.272,0.513016764236395,-1.26102252924035
1.274,0.5107577921946,-1.28850557036096
1.276,0.508860942916044,-1.32993688631225
1.278,0.505989274790384,-1.37089477252552
1.28,0.520713828233889,-1.41045806750609
1.282,0.526750504187676,-1.43559779490324
1.284,0.558924003485922,-1.46652607329072
1.286,0.571686831239986,-1.50036084018666
1.288,0.572120128409852,-1.53856760844643
1.29,0.561261660080022,-1.55527610995989
